0.893811
0.893815
0.901719
0.893811
0.909627
0.901732
0.901723
0.893811
0.909640
0.901732
0.893815
0.893811
0.901719
0.893824
0.909627
0.909870
0.909310
0.907170
0.901723
0.909627
0.907719
0.893811
0.909627
0.909631
0.893811
0.901723
0.901719
0.901728
0.906846
0.905846
0.909631
0.909640
0.909878
0.909640
0.901719
0.909640
0.901719
0.893806
0.909627
0.893811
0.909627
0.909627
0.893811
0.909627
0.909627
0.901719
0.893815
0.909631
0.909627
0.909627
0.909640
0.901723
0.909627
0.893815
0.893820
0.893811
0.901719
0.909627
0.893811
0.901719
0.901723
0.908028
0.893811
0.893811
0.907720
0.909627
0.893811
0.901732
0.893824
0.901723
0.901719
0.909640
0.893811
0.893811
0.901723
0.909631
0.901723
0.901732
0.909627
0.909636
0.901719
0.893913
0.893820
0.909627
0.893815
0.901719
0.909278
0.893811
0.909627
0.901723
0.901723
0.909640
0.893811
0.893811
0.901719
0.909627
0.893811
0.909640
0.893811
0.893811
