29.103333
29.099948
23.245533
29.103333
17.387733
23.235379
23.242148
29.103333
17.377579
23.235379
29.099948
29.103333
23.245533
29.093179
17.387733
17.207484
17.622189
19.207748
23.242148
17.387733
18.800793
29.103333
17.387733
17.384348
29.103333
23.242148
23.245533
23.238763
19.447227
20.188177
17.384348
17.377579
17.201399
17.377579
23.245533
17.377579
23.245533
29.106718
17.387733
29.103333
17.387733
17.387733
29.103333
17.387733
17.387733
23.245533
29.099948
17.384348
17.387733
17.387733
17.377579
23.242148
17.387733
29.099948
29.096563
29.103333
23.245533
17.387733
29.103333
23.245533
23.242148
18.572038
29.103333
29.103333
18.800199
17.387733
29.103333
23.235379
29.093179
23.242148
23.245533
17.377579
29.103333
29.103333
23.242148
17.384348
23.242148
23.235379
17.387733
17.380963
23.245533
29.027721
29.096563
17.387733
29.099948
23.245533
17.646148
29.103333
17.387733
23.242148
23.242148
17.377579
29.103333
29.103333
23.245533
17.387733
29.103333
17.377579
29.103333
29.103333
